253
224
245
234
214
224
253
224
245
234
214
224
253
224
245
234
224
214
224
214
174
164
214
224
263
234
255
244
224
234
263
234
255
244
224
234
263
234
255
244
254
224
234
224
214
174
224
234
264
234
214
224
254
274
264
234
214
164
224
254
264
234
214
223
175
225
255
243
264
315
264
275
315
325
275
313
274
265
255
245
275
315
325
335
313
274
235
264
254
244
255
245
235
224
265
233
175
225
255
243
264
315
264
275
315
325
275
313
274
265
255
245
275
315
325
335
313
274
235
264
254
244
255
245
235
224
265
233
125
175
165
175
005
175
005
175
163
265
275
265
275
263
313
252
125
175
165
175
005
175
005
175
163
265
275
265
315
253
323
313
263
272
125
175
165
175
005
175
005
175
163
265
275
265
275
263
313
252
125
175
165
175
005
175
005
175
163
265
275
265
315
253
323
313
263
272
